
 Arquitetura de Computadores - Guia 16

 Nome: 
 Matricula: 

   	|   n	o   w	|   x	|   n	x   t	|   	FF        |   		  FF	            |	     FF	       |
   m	|   a	b   c	|   d	|   a	b   c	|   Da	Db   Dc   |   Sa   Ra   Sb   Rb   Sc   Rc   |	Ta   Tb   Tc   |
--------|---------------|-------|---------------|-----------------|---------------------------------|------------------|
   0	|   0	0   0	|   0	|   0	0   0	|                 |                                 |                  |
   1	|   0	0   0	|   1	|   0	0   1	|                 |                                 |                  |
   2	|   0	0   1	|   0	|   0	0   1	|                 |                                 |                  |
   3	|   0	0   1	|   1	|   0	1   1	|                 |                                 |                  |
   4	|   0	1   0	|   0	|   0	0   0	|                 |                                 |                  |
   5	|   0	1   0	|   1	|   0	0   0	|                 |                                 |                  |
   6	|   0	1   1	|   0	|   0	1   1	|                 |                                 |                  |
   7	|   0	1   1	|   1	|   1	0   1	|                 |                                 |                  |
   8	|   1	0   0	|   0	|   0	0   0	|                 |                                 |                  |
   9	|   1	0   0	|   1	|   0	0   0	|                 |                                 |                  |
   A	|   1	0   1	|   0	|   1	0   1	|                 |                                 |                  |
   B	|   1	0   1	|   1	|   1	1   1	|                 |                                 |                  |
   C	|   1	1   0	|   0	|   0	0   0	|                 |                                 |                  |
   D	|   1	1   0	|   1	|   0	0   0	|                 |                                 |                  |
   E	|   1	1   1	|   0	|   1	1   1	|                 |                                 |                  |
   F	|   1	1   1	|   1	|   0	0   1	|                 |                                 |                  |

